cost = [580 5.2 0.0045
        640 4.5 0.0056
        820 5.8 0.0079];
mwlimits = [250  450
            200  350
            125  215];
Pdt = 925;
dispatch
gencost